  0.000E+00  0.000E+00  0.000E+00  0.000E+00  0.000E+00  0.000E+00
    0.000E+00  0.000E+00  0.000E+00  0.000E+00  0.000E+00  0.000E+00
    0.000E+00  0.000E+00  0.000E+00  0.000E+00  0.000E+00  0.000E+00
    0.000E+00  0.000E+00  0.000E+00  0.000E+00  0.000E+00  0.000E+00
    0.000E+00  0.000E+00  0.000E+00  0.000E+00  0.000E+00  0.000E+00
    0.000E+00  0.000E+00  0.000E+00  0.000E+00  0.000E+00  0.000E+00
    0.000E+00  0.000E+00  0.000E+00  0.000E+00  0.000E+00  0.000E+00
    6.785E-03 -4.708E+01  4.709E+01 -9.967E-18  5.802E-19  1.418E-02
    1.157E+02 -5.786E+01 -5.789E+01  1.035E-07  5.628E-08 -7.069E-02
    1.691E-03 -2.586E+01  2.586E+01 -5.404E-18  3.194E-19  1.322E-03
    4.472E+00 -2.237E+00 -2.238E+00  1.855E-09  2.681E-08 -2.847E-03
    2.619E+02 -1.311E+02 -1.311E+02  2.469E-07 -1.749E-08 -1.949E-01
    1.639E-01 -8.203E-02 -8.204E-02  1.803E-10 -1.930E-05 -1.303E-04
   -3.487E+02 -3.728E+02 -3.717E+02  1.731E-08  1.927E-05 -1.093E+03
    0.000E+00  0.000E+00  0.000E+00  0.000E+00  0.000E+00  0.000E+00
    0.000E+00  0.000E+00  0.000E+00  0.000E+00  0.000E+00  0.000E+00
    0.000E+00  0.000E+00  0.000E+00  0.000E+00  0.000E+00  0.000E+00
    0.000E+00  0.000E+00  0.000E+00  0.000E+00  0.000E+00  0.000E+00
    0.000E+00  0.000E+00  0.000E+00  0.000E+00  0.000E+00  0.000E+00
    0.000E+00  0.000E+00  0.000E+00  0.000E+00  0.000E+00  0.000E+00
    0.000E+00  0.000E+00  0.000E+00  0.000E+00  0.000E+00  0.000E+00
    0.000E+00  0.000E+00  0.000E+00  0.000E+00  0.000E+00  0.000E+00
    0.000E+00  0.000E+00  0.000E+00  0.000E+00  0.000E+00  0.000E+00
    0.000E+00  0.000E+00  0.000E+00  0.000E+00  0.000E+00  0.000E+00
    0.000E+00  0.000E+00  0.000E+00  0.000E+00  0.000E+00  0.000E+00
    0.000E+00  0.000E+00  0.000E+00  0.000E+00  0.000E+00  0.000E+00
    0.000E+00  0.000E+00  0.000E+00  0.000E+00  0.000E+00  0.000E+00
    0.000E+00  0.000E+00  0.000E+00  0.000E+00  0.000E+00  0.000E+00
    0.000E+00  0.000E+00  0.000E+00  0.000E+00  0.000E+00  0.000E+00
    0.000E+00  0.000E+00  0.000E+00  0.000E+00  0.000E+00  0.000E+00
    0.000E+00  0.000E+00  0.000E+00  0.000E+00  0.000E+00  0.000E+00
    0.000E+00  0.000E+00  0.000E+00  0.000E+00  0.000E+00  0.000E+00
    0.000E+00  0.000E+00  0.000E+00  0.000E+00  0.000E+00  0.000E+00
    0.000E+00  0.000E+00  0.000E+00  0.000E+00  0.000E+00  0.000E+00
    0.000E+00  0.000E+00  0.000E+00  0.000E+00  0.000E+00  0.000E+00
    0.000E+00  0.000E+00  0.000E+00  0.000E+00  0.000E+00  0.000E+00
    0.000E+00  0.000E+00  0.000E+00  0.000E+00  0.000E+00  0.000E+00
    0.000E+00  0.000E+00  0.000E+00  0.000E+00  0.000E+00  0.000E+00
    0.000E+00  0.000E+00  0.000E+00  0.000E+00  0.000E+00  0.000E+00
    0.000E+00  0.000E+00  0.000E+00  0.000E+00  0.000E+00  0.000E+00
    0.000E+00  0.000E+00  0.000E+00  0.000E+00  0.000E+00  0.000E+00
    0.000E+00  0.000E+00  0.000E+00  0.000E+00  0.000E+00  0.000E+00
    0.000E+00  0.000E+00  0.000E+00  0.000E+00  0.000E+00  0.000E+00
    0.000E+00  0.000E+00  0.000E+00  0.000E+00  0.000E+00  0.000E+00
   -5.791E-01  2.604E+01 -2.604E+01  7.250E-18 -1.221E-19 -5.802E-01
    1.392E+02 -2.093E+02 -2.091E+02  2.235E-07  1.027E-08 -2.792E+02
   -6.560E-01  2.008E+01 -2.008E+01  1.185E-16  7.877E-18 -6.559E-01
    7.364E+01  7.056E+01  6.997E+01 -2.028E-09  1.231E-10  2.142E+02
    3.373E+00  1.032E+01 -5.743E-01 -1.370E-10  8.314E-12  1.312E+01
   -9.504E+04  2.448E+01  2.450E+01 -5.248E-08  3.185E-09 -9.499E+04
    6.899E-01 -1.844E+01  1.844E+01 -4.671E-18  1.403E-19  6.906E-01
   -9.676E+01  1.482E+02  1.481E+02 -1.582E-07 -7.273E-09  1.995E+02
    9.231E-02 -1.422E+01  1.422E+01 -3.753E-17 -2.280E-18  9.223E-02
   -4.971E+01 -5.203E+01 -5.141E+01  1.488E-09 -9.031E-11 -1.531E+02
   -1.443E+01 -1.055E+01 -3.185E+00  1.696E-10 -1.030E-11 -2.816E+01
    3.577E+04 -1.807E+01 -1.809E+01  3.876E-08 -2.352E-09  3.574E+04
   -6.668E-01  1.921E+01 -1.921E+01  4.722E-18 -1.614E-19 -6.676E-01
    1.018E+02 -1.544E+02 -1.542E+02  1.648E-07  7.575E-09 -2.068E+02
   -5.252E-02  1.481E+01 -1.481E+01  3.445E-17  2.045E-18 -5.244E-02
    2.335E+01  5.546E+01  5.463E+01 -1.582E-09  9.603E-11  1.334E+02
    7.129E+01  1.859E+01  1.230E+01 -3.273E-10  1.987E-11  1.022E+02
   -3.566E+04  1.965E+01  1.967E+01 -4.213E-08  2.557E-09 -3.562E+04
    6.573E-01 -2.709E+01  2.709E+01 -6.602E-18  2.338E-19  6.584E-01
   -1.466E+02  2.178E+02  2.175E+02 -2.325E-07 -1.069E-08  2.887E+02
    7.119E-02 -2.089E+01  2.089E+01 -4.705E-17 -2.775E-18  7.108E-02
    2.776E+01 -6.660E+01 -6.524E+01  1.912E-09 -1.161E-10 -1.041E+02
   -9.418E+01 -2.030E+01 -3.500E+00  2.401E-10 -1.457E-11 -1.180E+02
    4.356E+04 -2.458E+01 -2.460E+01  5.265E-08 -3.196E-09  4.351E+04
   -1.464E+00  1.065E+02 -1.065E+02  2.589E-17 -9.245E-19 -1.468E+00
    5.903E+02 -8.560E+02 -8.549E+02  9.137E-07  4.200E-08 -1.121E+03
   -2.480E-01  8.212E+01 -8.212E+01  1.829E-16  1.076E-17 -2.476E-01
   -6.022E+02  6.795E+02  6.723E+02 -1.943E-08  1.179E-09  7.497E+02
   -1.152E+03 -3.384E+01 -2.715E+02  2.758E-09 -1.674E-10 -1.457E+03
   -4.754E+05  2.664E+02  2.665E+02 -5.715E-07  3.468E-08 -4.748E+05
    0.000E+00  0.000E+00  0.000E+00  0.000E+00  0.000E+00  0.000E+00
    0.000E+00  0.000E+00  0.000E+00  0.000E+00  0.000E+00  0.000E+00
    0.000E+00  0.000E+00  0.000E+00  0.000E+00  0.000E+00  0.000E+00
    0.000E+00  0.000E+00  0.000E+00  0.000E+00  0.000E+00  0.000E+00
    0.000E+00  0.000E+00  0.000E+00  0.000E+00  0.000E+00  0.000E+00
    0.000E+00  0.000E+00  0.000E+00  0.000E+00  0.000E+00  0.000E+00
    0.000E+00  0.000E+00  0.000E+00  0.000E+00  0.000E+00  0.000E+00
    0.000E+00  0.000E+00  0.000E+00  0.000E+00  0.000E+00  0.000E+00
    0.000E+00  0.000E+00  0.000E+00  0.000E+00  0.000E+00  0.000E+00
    0.000E+00  0.000E+00  0.000E+00  0.000E+00  0.000E+00  0.000E+00
    0.000E+00  0.000E+00  0.000E+00  0.000E+00  0.000E+00  0.000E+00
    0.000E+00  0.000E+00  0.000E+00  0.000E+00  0.000E+00  0.000E+00
    0.000E+00  0.000E+00  0.000E+00  0.000E+00  0.000E+00  0.000E+00
    0.000E+00  0.000E+00  0.000E+00  0.000E+00  0.000E+00  0.000E+00
    0.000E+00  0.000E+00  0.000E+00  0.000E+00  0.000E+00  0.000E+00
    0.000E+00  0.000E+00  0.000E+00  0.000E+00  0.000E+00  0.000E+00
    0.000E+00  0.000E+00  0.000E+00  0.000E+00  0.000E+00  0.000E+00
    0.000E+00  0.000E+00  0.000E+00  0.000E+00  0.000E+00  0.000E+00
    0.000E+00  0.000E+00  0.000E+00  0.000E+00  0.000E+00  0.000E+00
    0.000E+00  0.000E+00  0.000E+00  0.000E+00  0.000E+00  0.000E+00
    0.000E+00  0.000E+00  0.000E+00  0.000E+00  0.000E+00  0.000E+00
    0.000E+00  0.000E+00  0.000E+00  0.000E+00  0.000E+00  0.000E+00
    0.000E+00  0.000E+00  0.000E+00  0.000E+00  0.000E+00  0.000E+00
    0.000E+00  0.000E+00  0.000E+00  0.000E+00  0.000E+00  0.000E+00
    0.000E+00  0.000E+00  0.000E+00  0.000E+00  0.000E+00  0.000E+00
    0.000E+00  0.000E+00  0.000E+00  0.000E+00  0.000E+00  0.000E+00
    0.000E+00  0.000E+00  0.000E+00  0.000E+00  0.000E+00  0.000E+00
    0.000E+00  0.000E+00  0.000E+00  0.000E+00  0.000E+00  0.000E+00
    0.000E+00  0.000E+00  0.000E+00  0.000E+00  0.000E+00  0.000E+00
    0.000E+00  0.000E+00  0.000E+00  0.000E+00  0.000E+00  0.000E+00
   -6.454E+01  2.397E+01  1.626E+01 -6.070E-08  2.784E-09 -2.431E+01
   -2.091E+02 -2.625E+01 -4.765E+01 -1.117E-07 -5.135E-09 -2.830E+02
   -2.048E+02  9.188E+01  1.138E+02 -1.911E-07 -9.025E-09  8.779E-01
    6.844E+01  9.063E+01  6.971E+01 -7.030E-10  4.267E-11  2.288E+02
   -4.771E+01  7.349E+01  3.380E+01 -4.944E-08  3.001E-09  5.958E+01
    2.446E+01 -9.501E+04 -1.300E+01  2.622E-08 -1.592E-09 -9.500E+04
    4.571E+01 -1.623E+01 -1.151E+01  4.298E-08 -1.971E-09  1.796E+01
    1.481E+02  2.120E+01  3.375E+01  7.912E-08  3.637E-09  2.030E+02
    1.450E+02 -6.463E+01 -8.059E+01  1.353E-07  6.391E-09 -1.887E-01
   -4.951E+01 -6.692E+01 -5.179E+01  1.333E-09 -8.091E-11 -1.682E+02
    2.867E+01 -2.018E+02 -2.634E+01  3.338E-08 -2.026E-09 -1.995E+02
   -1.814E+01  3.575E+04  9.607E+00 -1.942E-08  1.179E-09  3.574E+04
   -4.761E+01  2.107E+01  1.199E+01 -4.477E-08  2.053E-09 -1.454E+01
   -1.542E+02 -2.053E+01 -3.515E+01 -8.241E-08 -3.788E-09 -2.099E+02
   -1.511E+02  6.723E+01  8.394E+01 -1.409E-07 -6.656E-09  1.058E-01
    5.188E+01  3.581E+01  5.559E+01 -2.193E-09  1.331E-10  1.433E+02
   -1.494E+01  7.046E+02  3.192E+01 -2.845E-08  1.727E-09  7.216E+02
    1.991E+01 -3.563E+04 -1.041E+01  2.121E-08 -1.287E-09 -3.562E+04
    6.715E+01 -3.536E+01 -1.692E+01  6.315E-08 -2.896E-09  1.488E+01
    2.176E+02  2.467E+01  4.958E+01  1.163E-07  5.343E-09  2.918E+02
    2.131E+02 -9.481E+01 -1.184E+02  1.988E-07  9.390E-09 -1.279E-01
   -6.036E+01  6.648E+01 -6.754E+01  4.283E-09 -2.600E-10 -6.142E+01
    6.890E+01 -8.082E+02 -5.638E+01  7.597E-08 -4.611E-09 -7.957E+02
   -2.447E+01  4.352E+04  1.282E+01 -2.614E-08  1.587E-09  4.350E+04
   -2.639E+02  1.559E+02  6.648E+01 -2.482E-07  1.138E-08 -4.158E+01
   -8.551E+02 -7.834E+01 -1.949E+02 -4.569E-07 -2.100E-08 -1.128E+03
   -8.374E+02  3.726E+02  4.653E+02 -7.812E-07 -3.690E-08  5.128E-01
    6.510E+02 -1.113E+03  6.747E+02 -1.367E-08  8.299E-10  2.131E+02
   -1.295E+03 -6.145E+03  4.818E+02 -1.077E-06  6.538E-08 -6.959E+03
    2.588E+02 -4.751E+05 -1.398E+02  2.800E-07 -1.699E-08 -4.750E+05
    0.000E+00  0.000E+00  0.000E+00  0.000E+00  0.000E+00  0.000E+00
    0.000E+00  0.000E+00  0.000E+00  0.000E+00  0.000E+00  0.000E+00
    0.000E+00  0.000E+00  0.000E+00  0.000E+00  0.000E+00  0.000E+00
    0.000E+00  0.000E+00  0.000E+00  0.000E+00  0.000E+00  0.000E+00
    0.000E+00  0.000E+00  0.000E+00  0.000E+00  0.000E+00  0.000E+00
    0.000E+00  0.000E+00  0.000E+00  0.000E+00  0.000E+00  0.000E+00
    0.000E+00  0.000E+00  0.000E+00  0.000E+00  0.000E+00  0.000E+00
    0.000E+00  0.000E+00  0.000E+00  0.000E+00  0.000E+00  0.000E+00
    0.000E+00  0.000E+00  0.000E+00  0.000E+00  0.000E+00  0.000E+00
    0.000E+00  0.000E+00  0.000E+00  0.000E+00  0.000E+00  0.000E+00
    0.000E+00  0.000E+00  0.000E+00  0.000E+00  0.000E+00  0.000E+00
    0.000E+00  0.000E+00  0.000E+00  0.000E+00  0.000E+00  0.000E+00
    0.000E+00  0.000E+00  0.000E+00  0.000E+00  0.000E+00  0.000E+00
    0.000E+00  0.000E+00  0.000E+00  0.000E+00  0.000E+00  0.000E+00
    0.000E+00  0.000E+00  0.000E+00  0.000E+00  0.000E+00  0.000E+00
    0.000E+00  0.000E+00  0.000E+00  0.000E+00  0.000E+00  0.000E+00
    0.000E+00  0.000E+00  0.000E+00  0.000E+00  0.000E+00  0.000E+00
    0.000E+00  0.000E+00  0.000E+00  0.000E+00  0.000E+00  0.000E+00
    0.000E+00  0.000E+00  0.000E+00  0.000E+00  0.000E+00  0.000E+00
    0.000E+00  0.000E+00  0.000E+00  0.000E+00  0.000E+00  0.000E+00
    0.000E+00  0.000E+00  0.000E+00  0.000E+00  0.000E+00  0.000E+00
    0.000E+00  0.000E+00  0.000E+00  0.000E+00  0.000E+00  0.000E+00
    0.000E+00  0.000E+00  0.000E+00  0.000E+00  0.000E+00  0.000E+00
    0.000E+00  0.000E+00  0.000E+00  0.000E+00  0.000E+00  0.000E+00
    0.000E+00  0.000E+00  0.000E+00  0.000E+00  0.000E+00  0.000E+00
    0.000E+00  0.000E+00  0.000E+00  0.000E+00  0.000E+00  0.000E+00
    0.000E+00  0.000E+00  0.000E+00  0.000E+00  0.000E+00  0.000E+00
    0.000E+00  0.000E+00  0.000E+00  0.000E+00  0.000E+00  0.000E+00
    0.000E+00  0.000E+00  0.000E+00  0.000E+00  0.000E+00  0.000E+00
    0.000E+00  0.000E+00  0.000E+00  0.000E+00  0.000E+00  0.000E+00
    6.454E+01 -1.625E+01 -2.531E+01  6.070E-08 -2.784E-09  2.297E+01
   -2.091E+02 -4.794E+01 -2.307E+01 -1.117E-07 -5.135E-09 -2.801E+02
    2.048E+02 -1.138E+02 -9.254E+01  1.911E-07  9.025E-09 -1.506E+00
    7.208E+01  6.792E+01  5.951E+01  2.727E-09 -1.655E-10  1.995E+02
    5.746E+01 -2.424E+01 -6.748E+01  4.958E-08 -3.009E-09 -3.426E+01
    2.444E+01 -1.302E+01 -9.501E+04  2.622E-08 -1.592E-09 -9.500E+04
   -4.570E+01  1.151E+01  1.783E+01 -4.298E-08  1.971E-09 -1.637E+01
    1.481E+02  3.395E+01  1.754E+01  7.912E-08  3.637E-09  1.996E+02
   -1.450E+02  8.057E+01  6.475E+01 -1.353E-07 -6.391E-09  2.871E-01
   -5.393E+01 -4.951E+01 -3.079E+01 -2.823E-09  1.713E-10 -1.342E+02
   -4.240E+01  1.285E+01  1.717E+02 -3.354E-08  2.036E-09  1.422E+02
   -1.806E+01  9.672E+00  3.575E+04 -1.941E-08  1.178E-09  3.574E+04
    4.760E+01 -1.199E+01 -2.261E+01  4.477E-08 -2.053E-09  1.301E+01
   -1.542E+02 -3.536E+01 -1.712E+01 -8.241E-08 -3.788E-09 -2.067E+02
    1.511E+02 -8.392E+01 -6.731E+01  1.409E-07  6.656E-09 -1.654E-01
    5.822E+01  5.224E+01 -1.727E+00  3.785E-09 -2.297E-10  1.087E+02
    4.582E+01 -1.486E+00 -5.496E+02  2.876E-08 -1.746E-09 -5.052E+02
    1.962E+01 -1.062E+01 -3.563E+04  2.116E-08 -1.284E-09 -3.562E+04
   -6.715E+01  1.691E+01  3.687E+01 -6.315E-08  2.896E-09 -1.337E+01
    2.176E+02  4.988E+01  2.131E+01  1.163E-07  5.343E-09  2.888E+02
   -2.131E+02  1.184E+02  9.491E+01 -1.988E-07 -9.390E-09  1.988E-01
   -7.146E+01 -6.158E+01  1.904E+01 -6.176E-09  3.749E-10 -1.140E+02
   -9.270E+01  3.290E+01  6.005E+02 -7.620E-08  4.625E-09  5.407E+02
   -2.422E+01  1.301E+01  4.352E+04 -2.610E-08  1.584E-09  4.351E+04
    2.639E+02 -6.646E+01 -1.592E+02  2.482E-07 -1.138E-08  3.822E+01
   -8.551E+02 -1.960E+02 -7.023E+01 -4.569E-07 -2.100E-08 -1.121E+03
    8.375E+02 -4.652E+02 -3.730E+02  7.812E-07  3.690E-08 -7.410E-01
    7.003E+02  6.496E+02 -4.976E+02  3.261E-08 -1.979E-09  8.523E+02
    9.904E+02 -7.830E+02  3.596E+03  1.075E-06 -6.522E-08  3.803E+03
    2.623E+02 -1.378E+02 -4.750E+05  2.808E-07 -1.704E-08 -4.749E+05