    0.000E+00  0.000E+00  0.000E+00  0.000E+00  0.000E+00  0.000E+00
    0.000E+00  0.000E+00  0.000E+00  0.000E+00  0.000E+00  0.000E+00
    5.730E+01  0.000E+00  0.000E+00  0.000E+00  0.000E+00  5.730E+01
    0.000E+00  0.000E+00  0.000E+00  0.000E+00  0.000E+00  0.000E+00
    0.000E+00  0.000E+00  0.000E+00  0.000E+00  0.000E+00  0.000E+00
    0.000E+00  0.000E+00  0.000E+00  0.000E+00  0.000E+00  0.000E+00
    0.000E+00  0.000E+00  0.000E+00  0.000E+00  0.000E+00  0.000E+00
    0.000E+00  0.000E+00  0.000E+00  0.000E+00  0.000E+00  0.000E+00
    0.000E+00  0.000E+00  0.000E+00  0.000E+00  0.000E+00  0.000E+00
    1.139E-11 -1.369E-11 -1.368E-11 -1.125E-21 -1.124E-19 -1.598E-11
    4.443E+01 -9.062E+05  9.062E+05 -1.875E-13  1.127E-14  1.004E+01
    8.950E+05 -4.478E+05 -4.479E+05 -1.574E-04 -7.179E-06 -6.878E+02
   -2.026E+00  3.518E+04 -3.518E+04  7.342E-15 -4.346E-16 -9.239E-01
   -8.403E+02  4.201E+02  4.205E+02 -4.593E-06  4.365E-05  3.087E-01
    3.422E+00 -3.623E+03  3.626E+03 -1.299E-15  2.067E-17  6.797E+00
    3.750E+04 -1.876E+04 -1.876E+04 -4.483E-05  9.173E-04 -2.709E+01
    4.816E+01 -7.987E+05  7.986E+05 -1.668E-13  9.866E-15  2.788E+01
   -1.220E-09  1.142E-09  3.531E-10 -1.000E-03 -4.736E-18  3.149E-09
    1.568E+00 -2.516E+04  2.516E+04 -5.255E-15  3.108E-16  1.040E+00
   -2.619E+03  1.310E+03  1.311E+03  2.948E-09 -2.819E-05  1.725E+00
    3.422E+00 -3.623E+03  3.626E+03 -1.299E-15  2.067E-17  6.797E+00
    4.505E+04 -2.254E+04 -2.254E+04 -2.715E-06  5.155E-04 -2.982E+01
    3.680E+01 -5.953E+05  5.953E+05 -1.243E-13  7.353E-15  2.365E+01
   -1.220E-09  1.142E-09  3.531E-10 -1.000E-03 -4.736E-18  3.149E-09
    1.397E+03  1.696E+05 -1.696E+05  2.823E-14 -2.921E-15  1.390E+03
    1.045E+06 -1.363E+06 -1.362E+06  1.455E-03  6.689E-05 -1.680E+06
    3.222E+03  1.308E+05 -1.308E+05 -4.973E-13 -3.890E-14  3.223E+03
   -3.095E+05  5.098E+05  5.093E+05 -1.485E-05  9.016E-07  7.096E+05
    3.014E+04  1.865E+04 -3.493E+04  2.563E-07 -1.556E-08  1.386E+04
    1.064E+09  2.978E+05  2.980E+05 -6.379E-04  3.872E-05  1.065E+09
    2.614E-02  9.844E-14  3.074E-13 -8.943E-22 -9.234E-23  2.614E-02
    3.541E-01 -4.672E-12 -1.504E-12  4.464E-21 -5.536E-22  3.541E-01
   -2.214E-13  6.122E-14  9.049E-14 -2.675E-22 -1.921E-23 -2.180E-13
   -6.346E-03  7.596E-14  2.445E-14 -7.255E-23  9.002E-24 -6.346E-03
    3.903E-04  1.645E-15  5.064E-15 -1.473E-23 -1.516E-24  3.903E-04
    1.002E+00  3.798E-15  1.221E-15 -3.623E-24  4.508E-25  1.002E+00
   -4.204E+05  5.438E+05  1.059E+05 -3.953E-04  1.813E-05  2.293E+05
   -1.362E+06  1.408E+04 -3.104E+05 -7.277E-04 -3.345E-05 -1.658E+06
   -1.334E+06  5.901E+05  7.412E+05 -1.244E-03 -5.878E-05 -2.563E+03
    5.145E+05 -5.348E+05  4.954E+05  1.213E-05 -7.365E-07  4.751E+05
   -2.674E+05  2.579E+06  1.352E+05 -2.443E-04  1.483E-05  2.447E+06
    2.982E+05  1.065E+09 -1.583E+05  3.195E-04 -1.939E-05  1.065E+09
    1.023E-12  3.956E-01 -2.016E-16  6.011E-25 -5.950E-23  3.956E-01
   -1.342E-11  4.636E-01 -2.668E-15  7.956E-24  7.819E-22  4.636E-01
    4.568E-14 -1.045E-13 -4.618E-15  1.377E-23 -1.004E-24 -9.862E-14
    2.194E-13 -7.939E-03  0.000E+00  0.000E+00 -1.277E-23 -7.939E-03
    1.660E-14  4.927E-03  0.000E+00  0.000E+00 -9.662E-25  4.927E-03
   -1.755E-14  1.002E+00  0.000E+00  0.000E+00  1.021E-24  1.002E+00
    4.203E+05 -1.059E+05 -5.407E+05  3.953E-04 -1.813E-05 -2.262E+05
   -1.362E+06 -3.123E+05  9.897E+03 -7.277E-04 -3.345E-05 -1.664E+06
    1.334E+06 -7.410E+05 -5.872E+05  1.244E-03  5.878E-05  5.652E+03
    5.046E+05  5.024E+05 -4.191E+05  2.756E-06 -1.673E-07  5.879E+05
    2.512E+05 -1.511E+05 -2.508E+06  2.441E-04 -1.481E-05 -2.408E+06
    2.982E+05 -1.584E+05  1.065E+09  3.195E-04 -1.939E-05  1.065E+09
    0.000E+00  0.000E+00 -3.362E-01  0.000E+00  0.000E+00 -3.362E-01
    0.000E+00  0.000E+00  3.470E-01  0.000E+00  0.000E+00  3.470E-01
    0.000E+00  0.000E+00  3.558E-13  0.000E+00  0.000E+00  3.558E-13
    0.000E+00  0.000E+00 -6.380E-03  0.000E+00  0.000E+00 -6.380E-03
    0.000E+00  0.000E+00 -4.046E-03  0.000E+00  0.000E+00 -4.046E-03
    0.000E+00  0.000E+00  1.002E+00  0.000E+00  0.000E+00  1.002E+00
